Replace this:

45 54 59 50 04 00 AC 6A 04 00 4B 53 49 5A 04 00 09 00 00 00 4B 57 44 41 24 00 EA 4A 0F 00 8B 96 21 00 22 C9 04 00 6A C4 1C 00 15 C4 10 00 AA EF 56 00 6C FD 3C 00 58 B7 43 00 FF CE 43 00

With this:

45 54 59 50 04 00 AC 6A 04 00 4B 53 49 5A 04 00 09 00 00 00 4B 57 44 41 24 00 00 00 00 00 00 00 00 00 A3 A0 04 00 A6 A0 04 00 86 2A 09 00 EA 4A 0F 00 98 B1 0F 00 C8 A7 33 00 86 FD 3C 00


Replace this:

44 4E 41 4D 94 00 00 00 00 00 00 00 80 3F 00 00 80 3F 00 00 00 00 00 00 80 3F 00 00 80 3F 00 00 7A 44 00 00 FA 44 00 00 00 00 00 00 00 00 00 00 00 00 00 00 80 3F 00 00 00 00 00 00 00 00 00 00 00 00 00 01 00 08 00 00 0A 00 00 40 40 00 00 00 3F 19 00 00 00 00 00 02 00 00 00 00 00 00 00 A9 58 24 00 00 00 00 00 CD DA 01 00 00 00 00 00 00 00 00 00 00 00 00 00 00 00 00 00 00 AB AA EA 3F 00 00 00 00 A0 41 00 00 00 00 00 00 00 00 02 00 00 00 FF FF 7F 7F 00 00 00 00

With this:

44 4E 41 4D 94 00 00 00 00 00 00 00 80 3F 00 00 80 3F 00 00 00 00 00 00 80 3F 00 00 80 3F 00 00 7A 44 00 00 FA 44 00 00 00 00 00 00 00 00 00 00 00 00 00 00 80 3F 00 00 00 00 00 00 00 00 00 00 00 00 00 01 00 08 00 00 0A 00 00 40 40 00 00 00 3F 19 00 00 00 00 00 02 00 00 00 00 00 00 00 A9 58 24 00 00 00 00 00 CD DA 01 00 00 00 00 00 00 00 00 00 00 00 00 00 00 00 00 00 00 A8 AA EA 3F 00 00 00 00 A0 41 00 00 00 00 00 00 00 00 02 00 00 00 FF FF 7F 7F 00 00 00 00
