REPLACE THIS:
44 4E 41 4D 94 00 A2 42 4E 00 00 00 80 3F 00 00 80 3F 00 00 00 00 00 00 80 3F 00 00 80 3F 00 00 80 43 00 00 80 43 00 00 00 00 00 00 00 00 00 00 00 00 33 33 33 3F 00 00 00 00 00 00 00 00 00 00 00 00 00 01 00 00 01 00 09 00 00 70 41 00 00 C8 41 90 01 00 00 21 00 03 00 00 00 00 00 00 00 00 00 00 00 00 00 00 00 CD DA 01 00 00 00 00 00 3B 2B 04 00 3C 2B 04 00 00 00 00 00 00 00 00 80 3F 00 00 00 00 F0 41 00 00 00 00 00 00 00 00 03 00 00 00 FF FF 7F 7F 00 00 00 00 52 47 57 33 35 00 A0 0C 3E 00 AC C5 27 37 CD CC CC 3D 9A 99 99 3E 9A 99 19 3E E6 BB 7B 40 54 55 75 40 9A 99 99 3E 9A 99 99 3E 00 00 80 3E 00 00 80 3F 00 00 00 00 00 00 00 00 01 43 52 44 54 0C 00 00 00 00 40 00 00 80 3F 00 00 00 00 49 4E 41 4D 04 00 37 4B 00 00 57 41 4D 44 04 00 53 E1 19 00 57 5A 4D 44 04 00 46 B2 04 00

WITH THIS:
44 4E 41 4D 94 00 00 00 00 00 00 00 C8 41 00 00 80 3F 00 00 00 00 00 00 80 3F 00 00 80 3F 00 00 80 43 00 00 80 43 00 00 00 00 00 00 00 00 00 00 00 00 33 33 33 3F 00 00 00 00 00 00 00 00 00 00 00 00 00 81 00 00 01 00 09 00 00 70 41 00 00 C8 41 90 01 00 00 21 00 03 00 00 00 00 00 00 00 00 00 00 00 00 00 00 00 CD DA 01 00 00 00 00 00 3B 2B 04 00 3C 2B 04 00 00 00 00 00 64 00 00 80 3F 00 00 00 00 F0 41 00 00 00 00 00 00 00 00 03 00 00 00 FF FF 7F 7F 00 00 00 00 52 47 57 33 35 00 A0 0C 3E 00 AC C5 27 37 CD CC CC 3D 9A 99 99 3E 9A 99 19 3E E4 BB 7B 40 54 55 75 40 9A 99 99 3E 9A 99 99 3E 00 00 80 3E 00 00 80 3F 00 00 00 00 00 00 00 00 01 43 52 44 54 0C 00 00 00 00 40 00 00 80 3F 00 00 00 00 49 4E 41 4D 04 00 37 4B 00 00 57 41 4D 44 04 00 87 12 10 00 57 5A 4D 44 04 00 46 B2 04 00

REPLACE THIS:
44 4E 41 4D 5D 00 02 00 01 00 00 00 00 00 00 40 1C 45 00 50 43 47 5A 63 21 00 00 00 00 00 00 00 00 00 00 00 00 00 44 67 06 00 96 7A 3E 00 CD CC 4C 3D 00 00 00 3F 00 00 20 41 00 00 00 00 00 00 00 00 F8 F6 03 00 00 00 00 00 00 00 A0 40 00 00 00 3F 00 00 80 3E 00 00 00 00 00 00 00 00 00 00 00 00 00

WITH THIS:
44 4E 41 4D 5D 00 02 20 01 00 00 00 00 00 00 E0 AB 45 00 50 43 47 5A 63 21 00 00 00 00 00 00 00 00 00 00 00 00 00 44 67 06 00 96 7A 3E 00 CD CC 4C 3D 00 00 00 3F 00 00 20 41 00 00 00 00 00 00 00 00 F8 F6 03 00 00 00 00 00 00 00 A0 40 00 00 00 3F 00 00 80 3E 00 00 00 00 00 00 00 00 00 00 00 00 00

REPLACE THIS:
44 41 54 41 DD 00 03 00 00 00 07 00 00 00 00 00 57 45 41 50 00 00 9D 24 02 00 01 00 00 00 9C 24 02 00 00 00 00 00 FA AB 27 00 00 00 01 B1 09 47 00 00 00 01 E5 76 5C 00 00 00 01 04 00 00 00 00 00 00 00 3D 00 00 00 B9 09 47 00 01 00 00 00 00 00 00 00 01 00 00 00 01 00 00 00 22 00 00 00 00 00 00 3F 00 00 00 00 00 00 00 00 01 00 00 00 01 00 00 00 21 00 00 00 CD CC CC 3D 00 00 00 00 00 00 00 00 01 00 00 00 01 00 00 00 4F 00 00 00 CD CC CC 3E 00 00 00 00 00 00 00 00 01 00 00 00 01 00 00 00 53 00 00 00 8F C2 75 3C 00 00 00 00 00 00 00 00 01 00 00 00 01 00 00 00 1D 00 00 00 CD CC CC 3E 00 00 00 00 00 00 00 00 04 00 00 00 02 00 00 00 1F 00 00 00 08 99 1E 00 02 00 00 00 00 00 00 00

WITH THIS:
44 41 54 41 DD 00 03 00 00 00 07 00 00 00 00 00 57 45 41 50 00 00 9D 24 02 00 01 00 00 00 9C 24 02 00 00 00 00 00 FA AB 27 00 00 00 01 B1 09 47 00 00 00 01 E5 76 5C 00 00 00 01 01 00 00 00 01 00 00 00 1D 00 00 00 CD CC CC 3E 00 00 00 00 00 00 00 00 04 00 00 00 02 00 00 00 1F 00 00 00 08 99 1E 00 02 00 00 00 00 00 00 00 01 00 00 00 01 00 00 00 21 00 00 00 CD CC CC 3D 00 00 00 00 00 00 00 00 01 00 00 00 01 00 00 00 22 00 00 00 00 00 00 3F 00 00 00 00 00 00 00 00 04 00 00 00 00 00 00 00 3D 00 00 00 00 00 00 00 01 00 00 00 00 00 00 00 01 00 00 00 01 00 00 00 4F 00 00 00 CD CC CC 3E 00 00 00 00 00 00 00 00 01 00 00 00 01 00 00 00 53 00 00 00 8F C2 75 3C 00 00 00 00 00 00 00 00

This will make the Orbital Stike Gun consume no ammo, be full-auto, and have the ability to heat seek targets that you lock on to (lock on by aiming down sight at enemy,you will hear it lock on), and have no recoil/spread.

Keep a few rounds of ultracite 5mm on you, or the gun will not work properly.

Shout out to Suchi and Korinican for posting info I used to make this

Gun in action v
https://imgur.com/a/iHqvaGY
