Replace this:
4D 4F 44 54 50 00 04 00 00 00 04 00 00 00 00 00 00 00 01 00 00 00 01 00 00 00 7B 7E CD 28 64 64 73 00 DE E7 90 6C 18 43 C2 D2 64 64 73 00 DE E7 90 6C 57 1F C3 C6 64 64 73 00 DE E7 90 6C 49 F6 16 26 64 64 73 00 DE E7 90 6C 69 CD 70 7C 62 67 73 6D BC E5 8C 80 45 4E 4C 54 04 00 FF FF FF FF 45 4E 4C 53 04 00 00 00 80 3F 41 55 55 56 1C 00 01 00 00 00 00 00 48 42 00 00 F0 41 00 00 9C 42 9A 99 19 3F CD CC CC 3D 00 00 00 00 49 4E 44 58 01 00 00 44 41 54 41 AD 00 03 00 00 00 04 00 00 00 00 00 57 45 41 50 00 00 04 40 02 00 07 00 00 00 EC EC 12 00 E1 B6 04 00 9D 24 02 00 D7 D4 05 00 9F 24 02 00 99 24 02 00 A8 9C 14 00 00 00 00 00 20 AC 27 00 00 00 01 B1 09 47 00 00 00 01 E4 76 5C 00 00 00 01 04 00 00 00 00 00 00 00 3D 00 00 00 B8 09 47 00 01 00 00 00 00 00 00 00 04 00 00 00 02 00 00 00 1F 00 00 00 1C 19 0A 00 02 00 00 00 00 00 00 00 04 00 00 00 02 00 00 00 1F 00 00 00 A2 A0 04 00 02 00 00 00 00 00 00 00 04 00 00 00 02 00 00 00 1F 00 00 00 74 C8 02 00 02 00 00 00 00 00 00 00
With this:
4D 4F 44 54 50 00 04 00 00 00 04 00 00 00 00 00 00 00 01 00 00 00 01 00 00 00 7B 7E CD 28 64 64 73 00 DE E7 90 6C 18 43 C2 D2 64 64 73 00 DE E7 90 6C 57 1F C3 C6 64 64 73 00 DE E7 90 6C 49 F6 16 26 64 64 73 00 DE E7 90 6C 69 CD 70 7C 62 67 73 6D BC E5 8C 80 45 4E 4C 54 04 00 FF FF FF FF 45 4E 4C 53 04 00 00 00 80 3F 41 55 55 56 1C 00 01 00 00 00 00 00 48 42 00 00 F0 41 00 00 9C 42 9A 99 19 3F CD CC CC 3D 00 00 00 00 49 4E 44 58 01 00 00 44 41 54 41 AD 00 03 00 00 00 04 00 00 00 00 00 57 45 41 50 00 00 04 40 02 00 07 00 00 00 EC EC 12 00 E1 B6 04 00 9D 24 02 00 D7 D4 05 00 9F 24 02 00 99 24 02 00 A8 9C 14 00 00 00 00 00 20 AC 27 00 00 00 01 B1 09 47 00 00 00 01 E4 76 5C 00 00 00 01 04 00 00 00 02 00 00 00 1F 00 00 00 74 C8 02 00 02 00 00 00 00 00 00 00 04 00 00 00 02 00 00 00 1F 00 00 00 A2 A0 04 00 02 00 00 00 00 00 00 00 04 00 00 00 02 00 00 00 1F 00 00 00 1C 19 0A 00 02 00 00 00 00 00 00 00 04 00 00 00 00 00 00 00 3D 00 00 00 00 00 00 00 01 00 00 00 00 00 00 00
Replace This:
44 4E 41 4D 94 00 78 F2 01 00 00 00 80 3F 00 00 80 3F 00 00 00 00 00 00 80 3F 00 00 80 3F 00 00 80 43 00 00 80 43 00 00 00 00 00 00 80 3E 00 00 00 00 00 00 00 3F 00 00 00 00 00 00 00 00 00 00 00 00 00 01 00 00 14 00 09 00 00 70 41 00 00 00 41 5A 00 00 00 20 00 00 00 00 00 00 00 00 00 00 00 00 00 00 00 00 00 CD DA 01 00 00 00 00 00 00 00 00 00 AC 26 15 00 00 00 00 00 00 AB AA 2A 3F 00 00 00 00 00 42 00 00 00 00 00 00 00 00 01 00 00 00 FF FF 7F 7F 64 00 00 00 52 47 57 33 35 00 00 00 00 00 AC C5 27 37 CD CC 4C 3F CD CC 4C 3F CD CC 4C 3E 4C 22 42 40 00 00 00 00 CD CC 4C 3E CD CC 4C 3E 33 33 B3 3E 00 00 80 3F 00 00 00 00 00 00 00 00 01 43 52 44 54 0C 00 00 00 00 40 00 00 80 3F 00 00 00 00 49 4E 41 4D 04 00 37 4B 00 00 4C 4E 41 4D 04 00 85 73 06 00 57 41 4D 44 04 00 3A F6 01 00 57 41 41 4D 04 00 F4 EA 5E 00 57 5A 4D 44 04 00 46 B2 04
With This:
44 4E 41 4D 94 00 78 F2 01 00 00 00 40 40 00 00 80 BF 00 00 00 00 00 00 40 40 00 00 80 3F 00 00 80 44 00 00 80 44 00 00 00 00 00 00 80 3E 00 00 00 00 00 00 80 3F 00 00 00 00 00 00 00 00 00 00 00 00 00 01 00 00 14 00 09 00 00 70 41 00 00 00 41 5A 00 00 00 20 00 00 00 00 00 00 00 00 00 00 00 00 00 00 00 00 00 CD DA 01 00 00 00 00 00 00 00 00 00 AC 26 15 00 00 00 00 00 00 B0 AA 2A 3F 00 00 00 00 00 42 00 00 00 00 00 00 00 00 01 00 00 00 FF FF 7F 7F 64 00 00 00 52 47 57 33 35 00 1F 48 00 00 AC C5 27 37 CD CC 4C 3F CD CC 4C 3F CD CC 4C 3E 4B 22 42 40 00 00 00 00 CD CC 4C 3E CD CC 4C 3E 33 33 B3 3E 00 00 80 3F 00 00 00 00 00 00 00 00 01 43 52 44 54 0C 00 00 00 00 40 00 00 80 3F 00 00 00 00 49 4E 41 4D 04 00 37 4B 00 00 4C 4E 41 4D 04 00 85 73 06 00 57 41 4D 44 04 00 3A F6 01 00 57 41 41 4D 04 00 F4 EA 5E 00 57 5A 4D 44 04 00 46 B2 04



Unlimited ammo for the ultracite 5.56 giving it a better range and bump to fire rate. No aim model adjustments.
