.50 cal:00 45 44 49 44 10 00 35 30 43 61 6C 4D 61 63 68 69 6E 65 47 75 6E 00 (hex string to find faster in HxD)
 
Replace this (DNAM until CDRT)
94 00 79 F2 01 00 00 00 80 3F 00 00 80 3F 00 00 00 00 00 00 80 3F 00 00 80 3F 00 00 80 43 00 00 80 43 00 00 00 00 00 00 00 00 00 00 00 00 00 00 00 3F 00 00 00 00 00 00 00 00 00 00 00 00 00 81 00 00 FA 00 09 00 00 70 41 00 00 90 41 AF 00 00 00 08 00 03 00 00 00 00 00 00 00 00 00 00 00 00 00 00 00 CD DA 01 00 00 00 00 00 3B 2B 04 00 3C 2B 04 00 00 00 00 00 00 CD CC 0C 40 00 00 00 00 F0 41 00 00 00 00 00 00 00 00 01 00 00 00 FF FF 7F 7F 64 00 00 00 52 47 57 33 35 00 00 00 00 00 05 93 08 3D 00 00 80 3F 00 00 80 3F 9A 99 19 3E 15 00 A0 40 00 00 00 00 9A 99 99 3E 9A 99 99 3E 00 00 80 3E 00 00 80 3F 00 00 00 00 00 00 00 00 01
 
With this
94 00 00 00 00 00 00 00 80 3F 00 00 80 3F 00 00 00 00 00 00 80 3F 00 00 80 3F 00 00 80 43 00 00 80 43 00 00 00 00 00 00 00 00 00 00 00 00 00 00 00 3F 00 00 00 00 00 00 00 00 00 00 00 00 00 81 00 00 FA 00 09 00 00 70 41 00 00 90 41 AF 00 00 00 08 00 03 00 00 00 00 00 00 00 00 00 00 00 00 00 00 00 CD DA 01 00 00 00 00 00 3B 2B 04 00 3C 2B 04 00 00 00 00 00 00 CD CC 0C 40 00 00 00 00 80 3F 00 00 00 00 00 00 00 00 01 00 00 00 FF FF 7F 7F 64 00 00 00 52 47 57 33 35 00 00 00 00 00 05 93 08 3D 00 00 80 3F 00 00 80 3F 9A 99 19 3E 15 00 A0 40 00 00 00 00 9A 99 99 3E 9A 99 99 3E 00 00 80 3E 00 00 80 3F 00 00 00 00 00 00 00 00 01
 
==========================================================================================================================================================
Flamer:45 44 49 44 07 00 46 6C 61 6D 65 72 00 (hex string to find faster in HxD)
 
Replace this (DNAM until CDRT)
94 00 78 AC 0C 00 00 00 80 3F 00 00 80 3F 00 00 00 00 00 00 80 3F 00 00 80 3F 00 00 80 43 00 00 80 43 00 00 00 00 9A 99 19 3E 00 00 00 00 33 33 33 3F 03 00 00 00 00 00 00 00 00 00 00 00 00 81 01 00 64 00 09 00 00 70 41 00 00 70 41 96 00 00 00 00 00 01 00 00 00 00 00 00 00 00 00 00 00 00 00 00 00 CD DA 01 00 00 00 00 00 14 B3 0E 00 AC 26 15 00 00 00 00 00 00 CD CC 0C 40 00 00 00 00 F0 41 00 00 00 00 00 00 00 00 01 00 00 00 FF FF 7F 7F 64 00 00 00 52 47 57 33 35 00 00 00 00 00 05 93 08 3D 00 00 00 3F CD CC 0C 3F CD CC 4C 3E 80 55 75 40 00 00 00 00 00 00 80 3E 9A 99 99 3E 00 00 80 3E 00 00 80 3F 00 00 00 00 00 00 00 00 01
 
With this
94 00 00 00 00 00 00 00 80 3F 00 00 80 3F 00 00 00 00 00 00 80 3F 00 00 80 3F 00 00 80 43 00 00 80 43 00 00 00 00 9A 99 19 3E 00 00 00 00 33 33 33 3F 03 00 00 00 00 00 00 00 00 00 00 00 00 81 01 00 64 00 09 00 00 70 41 00 00 70 41 96 00 00 00 00 00 01 00 00 00 00 00 00 00 00 00 00 00 00 00 00 00 CD DA 01 00 00 00 00 00 14 B3 0E 00 AC 26 15 00 00 00 00 00 00 CD CC 0C 40 00 00 00 00 80 3F 00 00 00 00 00 00 00 00 01 00 00 00 FF FF 7F 7F 64 00 00 00 52 47 57 33 35 00 00 00 00 00 05 93 08 3D 00 00 00 3F CD CC 0C 3F CD CC 4C 3E 80 55 75 40 00 00 00 00 00 00 80 3E 9A 99 99 3E 00 00 80 3E 00 00 80 3F 00 00 00 00 00 00 00 00 01
 
==========================================================================================================================================================
MG42:45 44 49 44 05 00 4D 47 34 32 (hex string to find faster in HxD)
 
Replace this (DNAM until CDRT)
94 00 6B F6 01 00 00 00 00 40 00 00 80 3F 00 00 00 00 00 00 80 3F 00 00 80 3F 00 00 80 43 00 00 80 43 00 00 00 00 00 00 80 3E 00 00 00 00 00 00 00 3F 00 00 00 00 00 00 00 00 00 00 00 00 00 01 00 00 4B 00 09 00 00 70 41 00 00 00 41 96 00 00 00 00 00 00 00 00 00 00 00 00 00 00 00 00 00 00 00 00 00 CD DA 01 00 00 00 00 00 00 00 00 00 AC 26 15 00 00 00 00 00 00 AB AA 2A 3F 00 00 00 00 00 42 00 00 00 00 00 00 00 00 01 00 00 00 FF FF 7F 7F 64 00 00 00 52 47 57 33 35 00 00 00 00 00 AC C5 27 37 CD CC 4C 3F CD CC 4C 3F CD CC 4C 3E D5 AA 6A 40 00 00 00 00 00 00 80 3E CD CC 4C 3E CD CC 4C 3E 00 00 80 3F 00 00 00 00 00 00 00 00 01
 
With this
94 00 00 00 00 00 00 00 00 40 00 00 80 3F 00 00 00 00 00 00 80 3F 00 00 80 3F 00 00 80 43 00 00 80 43 00 00 00 00 00 00 80 3E 00 00 00 00 00 00 00 3F 00 00 00 00 00 00 00 00 00 00 00 00 00 01 00 00 4B 00 09 00 00 70 41 00 00 00 41 96 00 00 00 00 00 00 00 00 00 00 00 00 00 00 00 00 00 00 00 00 00 CD DA 01 00 00 00 00 00 00 00 00 00 AC 26 15 00 00 00 00 00 00 AB AA 2A 3F 00 00 00 00 80 3F 00 00 00 00 00 00 00 00 01 00 00 00 FF FF 7F 7F 64 00 00 00 52 47 57 33 35 00 00 00 00 00 AC C5 27 37 CD CC 4C 3F CD CC 4C 3F CD CC 4C 3E D5 AA 6A 40 00 00 00 00 00 00 80 3E CD CC 4C 3E CD CC 4C 3E 00 00 80 3F 00 00 00 00 00 00 00 00 01
 
Replace this (WAMD)
04 00 3A F6 01 00 
 
With this
04 00 87 12 10 00
==========================================================================================================================================================
Plasma Caster: 00 45 44 49 44 0D 00 50 6C 61 73 6D 61 43 61 73 74 65 72 00
 
Replace this (DNAM until CDRT)
94 00 6E 79 00 00 00 00 80 3F 00 00 80 3F 00 00 00 00 00 00 80 3F 00 00 80 3F 00 00 80 43 00 00 80 43 00 00 00 00 00 00 00 00 00 00 00 00 00 00 00 3F 02 00 00 00 00 00 00 00 00 00 00 00 00 01 00 01 01 00 09 00 00 70 41 00 00 C0 40 C8 00 00 00 C8 00 00 00 00 00 00 00 00 00 00 00 00 00 00 00 00 00 CD DA 01 00 00 00 00 00 00 00 00 00 AC 26 15 00 00 00 00 00 00 55 55 55 3F 00 00 00 00 E0 41 00 00 00 00 00 00 00 00 01 00 00 00 FF FF 7F 7F 64 00 00 00 52 47 57 33 35 00 D8 D3 00 00 AC C5 27 37 66 66 66 3F 66 66 66 3F 00 00 80 3E 0A 00 50 41 AB AA 2A 40 CD CC 4C 3E CD CC 4C 3E 00 00 80 3E 00 00 80 3F 00 00 00 00 00 00 00 00 04
 
With this:
94 00 00 00 00 00 00 00 80 3F 00 00 00 3F 00 00 00 00 00 00 80 3F 00 00 80 3F 00 00 80 43 00 00 80 43 00 00 00 00 00 00 00 00 00 00 00 00 00 00 00 3F 02 00 00 00 00 00 00 00 00 00 00 00 00 01 00 01 01 00 09 00 00 70 41 00 00 C0 40 C8 00 00 00 C8 00 00 00 00 00 00 00 00 00 00 00 00 00 00 00 00 00 CD DA 01 00 00 00 00 00 00 00 00 00 AC 26 15 00 00 00 00 00 00 55 55 55 3F 00 00 00 00 00 00 00 00 00 00 00 00 00 00 01 00 00 00 FF FF 7F 7F 64 00 00 00 52 47 57 33 35 00 D8 D3 00 00 AC C5 27 37 66 66 66 3F 66 66 66 3F 00 00 80 3E 0A 00 50 41 AB AA 2A 40 CD CC 4C 3E CD CC 4C 3E 00 00 80 3E 00 00 80 3F 00 00 00 00 00 00 00 00 04
 
Replace this(WAMD)
04 00 50 E1 19 00
With this:
04 00 87 12 10 00
Replace this ((WZMD)
04 00 1E C0 1E 00
With this:
04 00 25 7A 24 00
