Fixer: 00 45 44 49 44 12 00 43 6F 6D 62 61 74 52 69 66 6C 65 5F 46 69 78 65 72 00 (hex string to find faster in HxD)
 
Replace this (DNAM umtil CDRT)
94 00 6A F6 01 00 00 00 80 3F 00 00 80 3F 00 00 00 00 00 00 80 3F 00 00 80 3F 00 00 80 43 00 00 80 43 00 00 00 00 9A 99 99 3E 00 00 00 00 00 00 00 3F 00 00 00 00 00 00 00 00 00 00 00 00 00 01 00 00 14 00 09 00 00 70 41 00 00 A0 40 82 00 00 00 21 00 00 00 00 00 00 00 00 00 00 00 00 00 00 00 00 00 CD DA 01 00 00 00 00 00 00 00 00 00 AC 26 15 00 00 00 00 00 00 55 55 55 3F 00 00 00 00 C8 41 00 00 00 00 00 00 00 00 02 00 00 00 FF FF 7F 7F 64 00 00 00 52 47 57 33 35 00 00 00 00 00 AC C5 27 37 CD CC 4C 3F CD CC 4C 3F CD CC 4C 3E F7 CC 4C 40 00 00 00 00 CD CC 4C 3E CD CC 4C 3E 33 33 B3 3E 00 00 80 3F 00 00 00 00 00 00 00 00 01
 
With this (DNAM umtil CDRT)
94 00 00 00 00 00 00 00 80 3F 00 00 80 3F 00 00 00 00 00 00 80 3F 00 00 80 3F 00 00 80 43 00 00 80 43 00 00 00 00 9A 99 99 3E 00 00 00 00 00 00 00 3F 00 00 00 00 00 00 00 00 00 00 00 00 00 01 00 00 14 00 09 00 00 70 41 00 00 A0 40 82 00 00 00 21 00 00 00 00 00 00 00 00 00 00 00 00 00 00 00 00 00 CD DA 01 00 00 00 00 00 00 00 00 00 AC 26 15 00 00 00 00 00 00 55 55 55 3F 00 00 00 00 80 3F 00 00 00 00 00 00 00 00 02 00 00 00 FF FF 7F 7F 64 00 00 00 52 47 57 33 35 00 00 00 00 00 AC C5 27 37 CD CC 4C 3F CD CC 4C 3F CD CC 4C 3E F7 CC 4C 40 00 00 00 00 CD CC 4C 3E CD CC 4C 3E 33 33 B3 3E 00 00 80 3F 00 00 00 00 00 00 00 00 01
 
Replace this (WAMD)
04 00 02 03 0E 00
 
With this
04 00 87 12 10 00


The above code made the fixer have infinite ammo, perfect aim and no recoil.
