~ORBITAL NO RECOIL~
REPLACE THIS:
45 44 49 44 0E 00 42 72 6F 61 64 73 69 64 65 72 5F 41 4D 00 44 4E 41 4D 40 00 00 00 80 40 00 00 00 41 CD CC 4C 3F 00 00 A0 40 96 00 00 00 CD CC 4C 3F 00 00 16 43 00 00 80 3F 00 00 00 41 00 00 00 41 00 00 80 3F 01 00 00 00 00 00 34 42 00 00 70 41 CD CC CC 3E 00 00 80 3F
WITH THIS:
45 44 49 44 0E 00 42 72 6F 61 64 73 69 64 65 72 5F 41 4D 00 44 4E 41 4D 40 00 00 00 00 40 00 00 40 40 CD CC 4C 3F 00 00 A0 40 96 00 00 00 CD CC 4C 3F 00 00 96 43 00 00 80 3F 00 00 00 00 00 00 00 00 00 00 00 00 01 00 00 00 00 00 34 42 00 00 70 41 CD CC CC 3E 00 00 00 40
 
~ORBITAL INF AMMO~
REPLACE THIS:
44 41 54 41 DD 00 03 00 00 00 07 00 00 00 00 00 57 45 41 50 00 00 9D 24 02 00 01 00 00 00 9C 24 02 00 00 00 00 00 FA AB 27 00 00 00 01 B1 09 47 00 00 00 01 E5 76 5C 00 00 00 01 04 00 00 00 00 00 00 00 3D 00 00 00 B9 09 47 00 01 00 00 00 00 00 00 00 01 00 00 00 01 00 00 00 22 00 00 00 00 00 00 3F 00 00 00 00 00 00 00 00 01 00 00 00 01 00 00 00 21 00 00 00 CD CC CC 3D 00 00 00 00 00 00 00 00 01 00 00 00 01 00 00 00 4F 00 00 00 CD CC CC 3E 00 00 00 00 00 00 00 00 01 00 00 00 01 00 00 00 53 00 00 00 8F C2 75 3C 00 00 00 00 00 00 00 00 01 00 00 00 01 00 00 00 1D 00 00 00 CD CC CC 3E 00 00 00 00 00 00 00 00 04 00 00 00 02 00 00 00 1F 00 00 00 08 99 1E 00 02 00 00 00 00 00 00 00
WITH THIS:
44 41 54 41 DD 00 03 00 00 00 07 00 00 00 00 00 57 45 41 50 00 00 9D 24 02 00 01 00 00 00 9C 24 02 00 00 00 00 00 FA AB 27 00 00 00 01 B1 09 47 00 00 00 01 E5 76 5C 00 00 00 01 01 00 00 00 01 00 00 00 1D 00 00 00 CD CC CC 3E 00 00 00 00 00 00 00 00 04 00 00 00 02 00 00 00 1F 00 00 00 08 99 1E 00 02 00 00 00 00 00 00 00 01 00 00 00 01 00 00 00 21 00 00 00 CD CC CC 3D 00 00 00 00 00 00 00 00 01 00 00 00 01 00 00 00 22 00 00 00 00 00 00 3F 00 00 00 00 00 00 00 00 04 00 00 00 00 00 00 00 3D 00 00 00 00 00 00 00 01 00 00 00 00 00 00 00 01 00 00 00 01 00 00 00 4F 00 00 00 CD CC CC 3E 00 00 00 00 00 00 00 00 01 00 00 00 01 00 00 00 53 00 00 00 8F C2 75 3C 00 00 00 00 00 00 00 00
 
~ORBITAL FFR/MaxRange/Optimized~
REPLACE THIS:
44 4E 41 4D 94 00 A2 42 4E 00 00 00 80 3F 00 00 80 3F 00 00 00 00 00 00 80 3F 00 00 80 3F 00 00 80 43 00 00 80 43 00 00 00 00 00 00 00 00 00 00 00 00 33 33 33 3F 00 00 00 00 00 00 00 00 00 00 00 00 00 01 00 00 01 00 09 00 00 70 41 00 00 C8 41 90 01 00 00 21 00 03 00 00 00 00 00 00 00 00 00 00 00 00 00 00 00 CD DA 01 00 00 00 00 00 3B 2B 04 00 3C 2B 04 00 00 00 00 00 00 00 00 80 3F 00 00 00 00 F0 41 00 00 00 00 00 00 00 00 03 00 00 00 FF FF 7F 7F 00 00 00 00 52 47 57 33 35 00 A0 0C 3E 00 AC C5 27 37 CD CC CC 3D 9A 99 99 3E 9A 99 19 3E E6 BB 7B 40 54 55 75 40 9A 99 99 3E 9A 99 99 3E 00 00 80 3E 00 00 80 3F 00 00 00 00 00 00 00 00 01 43 52 44 54 0C 00 00 00 00 40 00 00 80 3F 00 00 00 00 49 4E 41 4D 04 00 37 4B 00 00 57 41 4D 44 04 00 53 E1 19 00 57 5A 4D 44 04 00 46 B2 04
WITH THIS:
44 4E 41 4D 94 00 00 00 00 00 00 00 80 40 00 00 80 BF 00 00 00 00 00 00 40 40 00 00 80 3F 00 00 00 45 00 00 00 45 00 00 00 00 00 00 00 00 00 00 00 00 00 00 80 3F 00 00 00 00 00 00 00 00 00 00 00 00 01 C1 00 00 01 00 09 00 00 70 41 00 00 C8 41 90 01 00 00 21 00 03 00 00 00 00 00 00 00 00 00 00 00 00 00 00 00 CD DA 01 00 00 00 00 00 3B 2B 04 00 3C 2B 04 00 00 00 00 00 00 00 00 80 3F 00 00 00 00 00 00 00 00 00 00 00 00 00 00 03 00 00 00 FF FF 7F 7F 00 00 00 00 52 47 57 33 35 00 A0 0C 3E 00 AC C5 27 37 CD CC CC 3D 9A 99 99 3E 9A 99 19 3E E4 BB 7B 40 00 00 00 00 9A 99 99 3E 9A 99 99 3E 00 00 80 3E 00 00 80 3F 00 00 00 00 00 00 00 00 01 43 52 44 54 0C 00 00 00 00 40 00 00 80 3F 00 00 00 00 49 4E 41 4D 04 00 37 4B 00 00 57 41 4D 44 04 00 53 E1 19 00 57 5A 4D 44 04 00 46 B2 04
