Replace this:
94 00 69 E2 0F 00 00 00 80 3F 00 00 80 3F 00 00 00 00 00 00 80 3F 00 00 80 3F 00 00 80 43 00 00 80 43 00 00 00 00 00 00 80 3F 00 00 00 00 00 00 00 3F 01 00 00 00 00 00 00 00 00 00 00 00 00 01 00 00 0A 00 09 00 00 70 41 00 00 10 41 5A 00 00 00 64 00 00 00 00 00 00 00 00 00 00 00 00 00 00 00 00 00 CD DA 01 00 27 96 24 00 00 00 00 00 AC 26 15 00 00 00 00 00 00 AB AA 2A 3F 00 00 00 00 A0 41 00 00 00 00 00 00 00 00 01 00 00 00 FF FF 7F 7F 64 00 00 00 52 47 57 33 35 00 00 00 00 00 AC C5 27 37 33 33 33 3F 33 33 33 3F CD CC CC 3E A2 77 57 40 00 00 00 00 00 00 80 3E CD CC 4C 3E 00 00 80 3E 00 00 80 3F 00 00 00 00 00 00 00 00 01
 
With this:
94 00 00 00 00 00 00 00 80 3F 00 00 80 BF 00 00 00 00 00 00 40 40 00 00 80 3F 00 00 80 44 00 00 80 44 00 00 00 00 00 00 80 3F 00 00 00 00 00 00 00 3F 01 00 00 00 00 00 00 00 00 00 00 00 00 01 00 00 0A 00 09 00 00 70 41 00 00 10 41 5A 00 00 00 64 00 00 00 00 00 00 00 00 00 00 00 00 00 00 00 00 00 CD DA 01 00 27 96 24 00 00 00 00 00 AC 26 15 00 00 00 00 00 00 B0 AA 2A 3F 00 00 00 00 A0 41 00 00 00 00 00 00 00 00 01 00 00 00 FF FF 7F 7F 64 00 00 00 52 47 57 33 35 00 EF DD 05 00 AC C5 27 37 33 33 33 3F 33 33 33 3F CD CC CC 3E A3 77 57 40 00 00 00 00 00 00 80 3E CD CC 4C 3E 00 00 80 3E 00 00 80 3F 00 00 00 00 00 00 00 00 01

Replace this:
04 00 56 E1 19 00
 
With this:
04 00 87 12 10 00


infinite ammo for Railway Rifle and no recoil.
