Replace this:
4B 57 44 41 1C 00 15 C4 10 00 6A C4 1C 00 A6 A0 04 00 86 FD 3C 00 FF CE 43 00 B0 52 48 00 39 C4 43 00


With this:

4B 57 44 41 1C 00 A3 A0 04 00 A6 A0 04 00 86 2A 09 00 EA 4A 0F 00 98 B1 0F 00 C8 A7 33 00 86 FD 3C 00


Replace this:

44 4E 41 4D 94 00 00 00 00 00 00 00 80 3F 00 00 80 3F 00 00 00 00 00 00 80 3F 00 00 80 3F 00 00 7A 44 00 00 FA 44 00 00 00 00 00 00 00 00 00 00 00 00 00 00 80 3F 00 00 00 00 00 00 00 00 00 00 00 00 00 11 00 08 00 00 0A 00 00 40 40 00 00 80 3F 32 00 00 00 01 00 01 00 00 00 00 00 00 00 A9 58 24 00 00 00 00 00 CD DA 01 00 00 00 00 00 00 00 00 00 AC 26 15 00 00 00 00 00 00 AB AA EA 3F 00 00 00 00 A0 41 00 00 00 00 00 00 00 00 02 00 00 00 FF FF 7F 7F 00 00 00 00

With this:

44 4E 41 4D 94 00 00 00 00 00 00 00 C8 42 00 00 80 BF 00 00 00 00 00 00 80 3F 00 00 80 3F 00 00 7A 44 00 00 FA 44 00 00 00 00 00 00 00 00 00 00 00 00 00 00 80 3F 00 00 00 00 00 00 00 00 00 00 00 00 00 81 00 08 00 00 09 00 00 40 40 00 00 80 3F 32 00 00 00 01 00 01 00 00 00 00 00 00 00 A9 58 24 00 00 00 00 00 CD DA 01 00 00 00 00 00 00 00 00 00 AC 26 15 00 00 00 00 00 00 A8 AA EA 3F 00 00 00 00 A0 41 00 00 00 00 00 00 00 00 02 00 00 00 FF FF 7F 7F 00 00 00 00


Replace this:

44 4E 41 4D 5D 00 06 00 02 00 00 00 00 3F 00 00 AF 44 00 60 6A 46 00 00 00 00 00 00 00 00 00 00 00 00 00 00 20 40 A2 0C 3E 00 00 00 00 00 CD CC 4C 3D 00 00 00 3F 00 00 00 00 00 00 00 00 00 00 00 00 00 00 00 00 00 00 00 00 00 00 A0 40 00 00 C8 42 00 00 80 3E 00 00 00 00 66 87 08 00 00 00 00 00 00

With this:

44 4E 41 4D 5D 00 06 00 02 00 00 00 00 00 00 00 AF 44 00 60 6A 46 00 00 00 00 00 00 00 00 00 00 00 00 00 00 20 40 A2 0C 3E 00 00 00 00 00 CD CC 4C 3D 00 00 00 3F 00 00 00 00 00 00 00 00 00 00 00 00 00 00 00 00 00 00 00 00 00 00 A0 40 00 00 C8 42 00 00 80 3E 00 00 00 00 66 87 08 00 00 00 00 00 00
