~RECOIL FIX~
REPLACE THIS:
45 44 49 44 0B 00 50 69 70 65 47 75 6E 5F 41 4D 00 44 4E 41 4D 40 00 00 00 80 40 00 00 00 41 CD CC 4C 3F 00 00 A0 40 96 00 00 00 CD CC 4C 3F 00 00 16 43 00 00 80 3F 00 00 C0 3F 00 00 80 3F 00 00 80 3F 01 00 00 00 00 00 34 42 00 00 70 41 CD CC CC 3E 00 00 80 3F
WITH THIS:
45 44 49 44 0B 00 50 69 70 65 47 75 6E 5F 41 4D 00 44 4E 41 4D 40 00 CD CC CC 3D CD CC CC 3D CD CC CC 3D 00 00 20 40 96 00 00 00 CD CC 4C 3F 00 00 16 43 00 00 80 3F 00 00 00 00 00 00 00 00 00 00 00 00 01 00 00 00 00 00 34 42 00 00 00 00 CD CC CC 3E 00 00 00 40
 
~WEAPON FIX~
REPLACE THIS:
44 4E 41 4D 94 00 6B 50 18 00 00 00 80 3F 00 00 80 3F 00 00 00 00 00 00 80 3F 00 00 80 3F 00 00 80 43 00 00 80 43 00 00 00 00 9A 99 19 3E 00 00 00 00 00 00 00 3F 03 00 00 00 00 00 00 00 00 00 00 00 01 09 00 00 01 00 09 00 00 70 41 00 00 80 40 4B 00 00 00 01 00 02 00 00 00 00 00 00 00 00 00 00 00 00 00 00 00 CD DA 01 00 00 00 00 00 00 00 00 00 AC 26 15 00 00 00 00 00 00 9A 99 99 3E 00 00 00 00 0C 42 00 00 00 00 00 00 00 00 01 00 00 00 FF FF 7F 7F 64 00 00 00 52 47 57 33 35 00 00 00 00 00 9A 99 99 3E 33 33 33 3F 00 00 00 3F CD CC 4C 3E 00 00 20 41 00 00 00 00 9A 99 19 3E 9A 99 19 3E 00 00 80 3E 00 00 80 3F 00 00 00 00 00 00 00 00 01 43 52 44 54 0C 00 00 00 00 40 00 00 80 3F 00 00 00 00 49 4E 41 4D 04 00 37 4B 00 00 4C 4E 41 4D 04 00 DD 5D 2C 00 57 41 4D 44 04 00 5B D8 03 00 57 41 41 4D 04 00 F4 EA 5E 00 57 5A 4D 44 04 00 66 1D 21
WITH THIS:
44 4E 41 4D 94 00 00 00 00 00 00 00 20 41 00 00 80 BF 00 00 00 00 00 00 40 40 00 00 80 3F 00 00 80 44 00 00 80 44 00 00 00 00 9A 99 19 3E 00 00 00 00 00 00 80 3F 03 00 00 00 00 00 00 00 00 00 00 00 01 01 00 00 00 00 09 00 00 70 41 00 00 80 40 4B 00 00 00 01 00 02 00 00 00 00 00 00 00 00 00 00 00 00 00 00 00 CD DA 01 00 00 00 00 00 00 00 00 00 AC 26 15 00 00 00 00 00 00 9A 99 99 3E 00 00 00 00 00 00 00 00 00 00 00 00 00 00 01 00 00 00 FF FF 7F 7F 00 00 00 00 52 47 57 33 35 00 6C 50 18 00 9A 99 99 3E 33 33 33 3F 00 00 00 3F CD CC 4C 3E 00 00 20 41 00 00 00 00 9A 99 19 3E 9A 99 19 3E 00 00 80 3E 00 00 80 3F 00 00 00 00 00 00 00 00 40 43 52 44 54 0C 00 00 00 00 40 00 00 80 3F 00 00 00 00 49 4E 41 4D 04 00 37 4B 00 00 4C 4E 41 4D 04 00 DD 5D 2C 00 57 41 4D 44 04 00 5B D8 03 00 57 41 41 4D 04 00 F4 EA 5E 00 57 5A 4D 44 04 00 66 1D 21
